(64,64)(64,0)(4294967295)(0)(1)(1)(1)(0)
(64,64)(0,64)(4294967295)(0)(6)(1)(1)(0)
(64,64)(128,64)(4294967295)(0)(6)(1)(1)(0)
(64,64)(128,0)(4294967295)(0)(7)(1)(1)(0)
(64,64)(0,0)(4294967295)(0)(7)(1)(1)(0)
(64,64)(64,64)(4294967295)(0)(0)(1)(1)(0)
(64,64)(128,128)(4294967295)(0)(2)(1)(1)(0)
(64,64)(64,128)(4294967295)(0)(2)(1)(1)(0)
(64,64)(0,128)(4294967295)(0)(2)(1)(1)(0)
(64,64)(64,192)(4294967295)(0)(2)(1)(1)(0)
(64,64)(64,256)(4294967295)(0)(2)(1)(1)(0)
(64,64)(64,320)(4294967295)(0)(2)(1)(1)(0)
(64,64)(64,384)(4294967295)(0)(2)(1)(1)(0)
(64,64)(0,384)(4294967295)(0)(2)(1)(1)(0)
(64,64)(128,384)(4294967295)(0)(2)(1)(1)(0)
(64,64)(128,320)(4294967295)(0)(3)(1)(1)(0)
(64,64)(128,256)(4294967295)(0)(3)(1)(1)(0)
(64,64)(128,192)(4294967295)(0)(3)(1)(1)(0)
(64,64)(0,192)(4294967295)(0)(3)(1)(1)(0)
(64,64)(0,256)(4294967295)(0)(3)(1)(1)(0)
(64,64)(0,320)(4294967295)(0)(3)(1)(1)(0)
(64,64)(128,384)(4294967295)(0)(4)(1)(1)(0)
(64,64)(0,384)(4294967295)(0)(4)(1)(1)(0)
(64,64)(0,128)(4294967295)(0)(5)(1)(1)(0)
(64,64)(128,128)(4294967295)(0)(5)(1)(1)(0)
(64,64)(0,384)(4294967295)(1)(6)(1)(1)(1)
(64,64)(64,384)(4294967295)(1)(6)(1)(1)(1)
(64,64)(128,384)(4294967295)(1)(6)(1)(1)(1)
(64,64)(128,320)(4294967295)(1)(8)(1)(1)(1)
(64,64)(64,320)(4294967295)(1)(8)(1)(1)(1)
(64,64)(0,320)(4294967295)(1)(8)(1)(1)(1)
