(32,32)(320,192)(4294967295)(0)(1)(1)
(32,32)(352,192)(4294967295)(0)(1)(1)
(32,32)(384,192)(4294967295)(0)(1)(1)
(32,32)(416,192)(4294967295)(0)(1)(1)
(32,32)(448,192)(4294967295)(0)(1)(1)
(32,32)(448,224)(4294967295)(0)(1)(1)
(32,32)(416,224)(4294967295)(0)(1)(1)
(32,32)(384,224)(4294967295)(0)(1)(1)
(32,32)(352,224)(4294967295)(0)(1)(1)
(32,32)(320,224)(4294967295)(0)(1)(1)
(32,32)(288,224)(4294967295)(0)(1)(1)
(32,32)(288,192)(4294967295)(0)(1)(1)
(32,32)(288,160)(4294967295)(0)(1)(1)
(32,32)(320,160)(4294967295)(0)(1)(1)
(32,32)(320,192)(255)(1)(1)(1)
(32,32)(352,192)(255)(1)(1)(1)
(32,32)(384,192)(255)(1)(1)(1)
(32,32)(416,192)(255)(1)(1)(1)
(32,32)(448,192)(255)(1)(1)(1)
(32,32)(448,224)(255)(1)(1)(1)
(32,32)(416,224)(255)(1)(1)(1)
(32,32)(384,224)(255)(1)(1)(1)
(32,32)(352,224)(255)(1)(1)(1)
(32,32)(320,224)(255)(1)(1)(1)
(32,32)(288,224)(255)(1)(1)(1)
(32,32)(288,192)(255)(1)(1)(1)
(32,32)(288,160)(255)(1)(1)(1)
(32,32)(320,160)(255)(1)(1)(1)
(0,0)(0,0)(255)(1)(1)(1)
(64,64)(0,0)(4294967295)(0)(1)(1)
(64,64)(96,32)(4294967295)(0)(1)(1)
(64,64)(192,32)(4294967295)(0)(1)(1)
(64,64)(320,32)(4294967295)(0)(1)(1)
(64,64)(352,64)(4294967295)(0)(1)(1)
