(64,64)(128,64)(4294967295)(0)(6)(1)(1)(0)
(64,64)(192,64)(4294967295)(0)(6)(1)(1)(0)
(64,64)(320,64)(4294967295)(0)(6)(1)(1)(0)
(64,64)(128,0)(4294967295)(0)(7)(1)(1)(0)
(64,64)(192,0)(4294967295)(0)(7)(1)(1)(0)
(64,64)(320,0)(4294967295)(0)(7)(1)(1)(0)
(64,64)(256,64)(4294967295)(0)(0)(1)(1)(0)
(64,64)(256,0)(4294967295)(0)(1)(1)(1)(0)
(64,64)(320,128)(4294967295)(0)(2)(1)(1)(0)
(64,64)(256,128)(4294967295)(0)(2)(1)(1)(0)
(64,64)(192,128)(4294967295)(0)(2)(1)(1)(0)
(64,64)(128,128)(4294967295)(0)(2)(1)(1)(0)
(64,64)(128,192)(4294967295)(0)(2)(1)(1)(0)
(64,64)(192,192)(4294967295)(0)(2)(1)(1)(0)
(64,64)(256,192)(4294967295)(0)(2)(1)(1)(0)
(64,64)(320,192)(4294967295)(0)(2)(1)(1)(0)
(64,64)(320,256)(4294967295)(0)(2)(1)(1)(0)
(64,64)(320,320)(4294967295)(0)(2)(1)(1)(0)
(64,64)(256,320)(4294967295)(0)(2)(1)(1)(0)
(64,64)(256,256)(4294967295)(0)(2)(1)(1)(0)
(64,64)(192,256)(4294967295)(0)(2)(1)(1)(0)
(64,64)(128,256)(4294967295)(0)(2)(1)(1)(0)
(64,64)(128,320)(4294967295)(0)(2)(1)(1)(0)
(64,64)(192,320)(4294967295)(0)(2)(1)(1)(0)
(64,64)(320,192)(4294967295)(1)(3)(1)(1)(0)
(64,64)(320,256)(4294967295)(1)(3)(1)(1)(0)
(64,64)(128,192)(4294967295)(1)(3)(1)(1)(0)
(64,64)(128,256)(4294967295)(1)(3)(1)(1)(0)
(64,64)(128,320)(4294967295)(0)(4)(1)(1)(0)
(64,64)(320,320)(4294967295)(0)(4)(1)(1)(0)
(64,64)(128,128)(4294967295)(0)(5)(1)(1)(0)
(64,64)(320,128)(4294967295)(0)(5)(1)(1)(0)
(64,64)(128,320)(4294967295)(0)(6)(1)(1)(1)
(64,64)(192,320)(4294967295)(0)(6)(1)(1)(1)
(64,64)(256,320)(4294967250)(0)(6)(1)(1)(1)
(64,64)(320,320)(4294967277)(0)(6)(1)(1)(1)
(64,64)(128,256)(4294967295)(0)(8)(1)(1)(1)
(64,64)(192,256)(4294967250)(0)(8)(1)(1)(1)
(64,64)(256,256)(4294967186)(0)(8)(1)(1)(1)
(64,64)(320,256)(4294967213)(0)(8)(1)(1)(1)
